    5.4300
    2.7600
    2.1600
   -3.9000
    3.7000
    3.6200
   -1.1900
    5.2800
    1.6400
    3.5200
    6.0900
   -1.9500
    8.6900
    5.2300
    5.8900
   -3.0000
    7.7400
    3.6000
   -1.2100
   -1.5300
   13.8600
    0.4300
    3.5000
   -4.0500
    2.2000
    8.9900
    3.6600
    1.6900
    7.8000
   -1.0100
    0.6800
   -1.5100
   -3.6200
    1.1000
   -9.6800
    7.0300
    0.4000
    4.9300
   -5.7500
  -20.4300
  -12.1300
    0.1200
    5.5300
    0.4800
    3.8700
   -1.7200
    1.8600
  -15.6800
    5.4000
    1.5600
  -11.5100
   -7.4600
    2.0400
   -5.8300
    6.4700
   11.3500
   -2.6400
   -5.9000
  -10.6400
   11.0100
   -2.8400
   -0.3200
  -28.5800
    9.9900
   -5.4200
  -10.6900
   -0.4100
    4.3300
  -10.3300
  -15.8900
  -22.6800
   -0.7500
   28.4400
   28.9600
    1.9000
  -14.5700
   -5.9200
    4.2100
    2.2500
  -14.0500
    9.7900
   43.6700
   16.4600
   13.9800
   -8.1800
   12.0100
   -9.7900
   -9.1000
   12.0600
    2.0400
   12.4900
   -2.3600
    1.0000
   -0.9000
   -6.9200
    1.7800
   -8.0500
    5.9000
    0.8800
    0.2100
   10.9300
    0.1700
   -4.3000
   -0.1200
   -4.8500
    5.9000
    1.8800
    6.7200
    8.1300
    2.4200
    3.8800
    6.5900
    2.2800
    2.6500
    2.2100
    1.7800
    2.9300
   -6.7900
    4.9700
    4.5600
    4.3200
    0.7600
    1.5000
    5.6400
    3.7900
   -5.0100
    3.5400
    0.8800
   -2.4700
   -7.0900
   -1.8700
   -5.4100
    8.8800
   -2.8300
  -11.4500
   -8.9400
  -10.7500
   -7.2900
    5.7600
    4.8200
  -20.4500
   13.8100
   -2.7800
   21.2400
   10.8700
   -0.6500
    0.4600
    6.2400
   -1.5800
    2.1500
   -4.2800
    4.7600
  -10.4200
    0.4700
    7.5800
   -3.5900
   10.0200
   -7.2300
    9.6500
    2.2600
   -1.7000
    3.3700
   -0.7100
    1.6700
    2.6500
    0.5800
  -23.3400
    7.2100
    2.8300
    3.6100
    2.9200
    0.6800
   -1.1500
   -0.7700
   -4.1100
   -1.3300
         0
   -6.4000
    0.0300
    5.2800
    4.8700
    1.6500
    2.1300
   -6.8600
   -3.6400
   -7.7000
    3.1100
   -1.5800
   -5.0300
   -4.6000
    9.8400
    2.7300
    2.9000
    1.5100
    0.9700
    4.0300
    2.6300
    5.3900
    7.3100
    4.8100
    5.5600
    1.0600
    6.7800
    3.8100
   -4.8400
    2.4400
    2.0100
   -1.0700
   -4.8000
    6.9100
    2.2300
    1.2200
    3.3400
   -1.4700
    6.1400
    6.9400
   -1.8900
    3.1700
    0.5400
   -0.8400
    1.9500
    2.7100
    1.5900
    5.3400
   -3.6600
    8.4900
    2.7300
   -0.9300
   -0.9500
    8.4200
    4.9200
    4.3900
    4.1700
    2.2500
    7.0500
   -5.9500
    6.1500
    4.0100
    3.4100
   -5.4900
   -2.5000
   -6.5400
  -10.7000
   -1.3200
   -2.3400
    4.4400
    3.0800
    0.1800
   -2.3400
   -6.3100
   -0.9300
    7.2600
    4.7900
   -1.8200
   -0.5600
    2.2500
   -2.1600
    1.0400
   -3.6000
   -5.2900
    6.2900
    2.3100
    8.6700
   -1.1300
   -4.1700
    1.0100
   -3.1000
    5.0500
   -7.7800
    1.7200
    2.6000
   -2.5400
    3.6000
   -2.3800
   -0.9300
    1.6200
    6.2400
    2.7800
    2.6300
    2.9100
    2.7600
    5.9400
    1.2600
    1.9100
    0.2800
    3.2200
    3.8100
   -4.8000
   -1.0100
    5.8400
    7.1600
    0.2900
   -0.6000
    2.3700
    5.8600
    2.1700
   -1.2400
    1.6600
   -2.7300
   -4.4600
    3.0600
    4.4300
    1.6300
   -2.7400
    1.0800
    1.5000
   -0.3500
   -1.6100
    4.2700
   -2.7900
    2.9600
    3.7600
    1.7000
    1.0300
   -1.4900
   -0.2600
    5.7900
    3.6000
    0.7500
    0.0700
   -2.4300
   -1.0600
    0.4600
   -2.1600
    1.7500
   -4.2200
   -0.2100
    3.2600
    1.2800
   -0.2800
    4.3400
    0.6700
    1.9100
    2.2800
    3.3400
    1.3900
    7.1300
   -2.3100
    8.2600
   -1.7100
    6.0400
    4.9800
    0.7600
    0.4200
   -0.6300
    4.1200
    0.2100
    6.1800
    9.3700
   -1.8600
    4.3800
   -3.1800
    6.7700
   -1.8200
   -4.6400
    3.6800
    2.5300
   -2.6400
   -4.1100
    3.7900
    3.9200
   -0.6500
   -2.3200
   -0.2900
   -2.4200
    0.6500
   -2.3200
   -1.4200
    1.1300
    4.1200
    1.2800
   -0.7500
    2.5500
   -2.5300
   -3.9300
   -3.6200
   -1.5100
   -4.1900
    6.5800
    0.3400
    3.4900
    3.7400
    3.8000
    2.5300
    5.1200
    2.0700
    6.9100
    1.9100
    3.5400
    3.5500
    1.9200
    0.9500
   -0.6300
    5.6000
    3.8700
    1.2500
    5.2400
    1.5300
   -3.4500
    0.8400
    1.0200
    3.6500
   -7.5600
    1.0100
   -2.6500
   -0.4100
    2.8300
    2.7600
   -1.3200
    3.6600
   -5.4200
    0.2900
    4.7300
    2.2400
    5.8600
    5.4400
    4.7600
   -0.7600
    3.0800
   -1.0700
    4.1400
    3.5800
    2.0000
    3.7200
    6.8800
   -0.5800
   -4.9500
   -0.0700
   -0.6100
   -5.2700
   -8.4200
   -8.3400
    6.3300
    2.8800
   -4.7900
   -0.5400
    9.8200
    1.6700
    5.6600
   -2.4500
    4.4100
    4.5100
    4.6000
   -1.9900
   -0.4800
    6.0300
   -0.4100
    5.6500
   -3.0500
    1.0100
    1.3500
    1.9500
    1.8800
    1.4200
    1.8600
    1.6500
    3.3100
    0.6500
    3.7400
    0.6000
    0.2500
    0.9100
    4.2400
    0.4400
    0.2600
    6.1900
   -1.9000
   -6.2100
    1.2100
    3.2500
    3.3100
    3.9400
   -1.4400
    1.2700
   -0.1600
   -1.2700
   -2.7300
    0.8300
   -6.0500
   -2.0700
   -1.9500
   -7.1400
   -1.3900
    1.3400
   -0.7500
   -2.0300
   11.1900
    0.9000
    3.9100
    8.4000
   -5.2100
    2.4000
    8.0800
   -0.1400
    3.7800
   -2.9400
    0.0800
    2.2000
   -2.1900
   -2.0700
   32.7300
   32.3300
   29.5600
   27.5800
   32.5000
   32.7600
   30.1500
   34.0000
   28.5700
   28.8700
   35.6700
   26.9700
   37.5100
   31.9700
   34.9000
   25.3000
   37.7000
   32.2000
   30.1800
   28.8900
   36.9600
   37.6900
   30.1000
   25.6500
   31.0300
   36.2800
   34.4400
   32.3900
   46.0300
   30.5100
   36.0400
   31.3500
   31.0900
   32.4400
   24.3400
   42.4400
   34.5600
   39.7300
   26.0600
    9.5300
   17.6500
   32.3500
   35.0400
   32.2300
   40.1500
   28.9300
   27.8600
   13.0500
   34.6400
   29.5700
   16.4300
   20.9400
   26.2500
   22.2000
   34.5000
   42.0700
   22.9400
   17.7000
   16.1400
   45.1200
   22.7700
   31.3200
   -0.8600
   39.3800
   22.7100
   14.4700
   27.8100
   36.9600
   20.3000
   11.8100
   12.1800
   31.2500
   65.8600
   67.2100
   24.8100
   18.7800
   23.3700
   34.2300
   29.0700
   12.6800
   31.8400
   73.5300
   52.1700
   43.1500
   17.9600
   43.0500
   20.0700
   23.0100
   40.7200
   32.2400
   41.7700
   27.0100
   28.6400
   27.3100
   21.9300
   33.3100
   18.0800
   36.2600
   28.8900
   27.1900
   39.1400
   30.3700
   26.9300
   26.5500
   27.2800
   41.1100
   33.7900
   35.3500
   37.2700
   32.3000
   31.2400
   39.0200
   33.5400
   36.8100
   39.0400
   32.5200
   32.0000
   20.7300
   34.6000
   31.7300
   37.3900
   30.6400
   31.3200
   38.7200
   33.2700
   33.4300
   33.7500
   31.5400
   31.0800
   22.1000
   30.0000
   26.5100
   39.9000
   24.4000
   14.2600
   19.0000
   21.3000
   26.9500
   28.8000
   38.3800
    5.0400
   44.6000
   24.4000
   57.7400
   36.2600
   25.6800
   31.3900
   38.3700
   28.2300
   35.2200
   22.6200
   32.6300
   16.4700
   29.3000
   36.1600
   24.0600
   40.4400
   23.9800
   53.4300
   27.6500
   24.5200
   32.9000
   26.5100
   31.7900
   31.6000
   30.3600
    7.5500
   36.2200
   33.4700
   31.7700
   31.9200
   34.5200
   27.5300
   31.5000
   24.5600
   28.3600
   30.9600
   25.5400
   33.2400
   35.9100
   37.9300
   28.4800
   27.6800
   25.5000
   29.3900
   26.6500
   28.4700
   26.6800
   23.1700
   25.7700
   33.5900
   33.6000
   33.3600
   31.8900
   33.2100
   38.2000
   28.6400
   35.8200
   37.4700
   36.2400
   74.4163
   61.0115
   63.1846
   61.8239
   67.7463
   63.0507
   61.7654
   60.2227
   64.0536
   72.3022
   74.2938
   62.3145
   61.1397
   61.8467
   65.3166
   60.2732
   63.2678
   60.2364
   73.0458
   67.8744
   61.2743
   60.4486
   61.2260
   66.0949
   69.4245
   60.8249
   61.2113
   66.5313
   67.3962
   65.6812
   60.9343
   60.9790
   62.8046
   62.7946
   66.2585
   61.7896
   61.1392
   64.0869
   64.0348
   63.8215
   66.3820
   61.9624
   60.5065
   60.4797
   61.4571
   66.7255
   61.8579
   70.1312
   70.4575
   68.2800
   69.6299
   62.6803
   73.0618
   60.9781
   61.6224
   60.3852
   63.5399
   62.1165
   60.5820
   63.0946
   66.3256
   60.1217
   76.5624
   65.6005
   60.1368
   65.0388
   65.8696
   70.5634
   60.4400
   69.9947
   65.5113
   60.5408
   63.4692
   62.4283
   62.6967
   61.7959
   77.6453
   63.1944
   77.1987
   60.9489
   65.3943
   60.8320
   67.0107
   62.7108
   60.3217
   75.2050
   74.5959
   79.4079
   61.9175
   62.5656
   70.8565
   61.1392
   62.4075
   73.2811
   73.3481
   69.9752
   61.1856
   71.9082
   67.1802
   67.0602
   71.2774
   60.7637
   61.7963
   61.5480
   62.1498
   63.3056
   65.5983
   62.0641
   70.7038
   69.5589
   79.6193
   60.1818
   60.1504
   70.4430
   63.8027
   62.1027
   66.1862
   61.4083
   62.9159
   64.2456
   66.5989
   61.4136
   60.5358
   61.5842
   64.4968
   60.3183
   66.8241
   63.1446
   60.2315
   66.5886
   66.9298
   60.3754
   73.3986
   66.0299
   62.6248
   67.9654
   62.2637
   61.1259
   63.4488
   62.1477
   61.1411
   67.2756
   62.5471
   70.9257
   63.3105
   60.8846
   60.4126
   63.4835
   66.4077
   62.1346
   60.4316
   63.3683
   60.1307
   68.1157
   70.9828
   66.0642
   64.6264
   64.3285
   65.8322
   61.8275
   71.9368
   64.5554
   66.1008
   65.9127
   71.2423
   62.6058
   66.3164
   69.3145
   96.6265
   66.3010
   62.9818
   60.6911
   75.8203
   60.5006
   70.1638
   60.9092
   61.1128
   60.4284
   69.9278
   63.4186
   64.5199
   68.7558
   62.7653
   62.5026
   67.6985
   63.2703
   60.0544
   63.5676
   61.8201
   64.4407
   76.7940
   66.1408
   61.1067
   65.2993
   72.4256
   63.3559
   65.0142
   61.5090
   63.2243
   61.0875
   61.0111
   68.3176
   70.4497
   60.9862
   62.2479
   80.6385
   60.5493
   63.3143
   63.0392
   62.5007
   61.3693
   60.7812
   64.8003
   72.3462
   61.5471
   65.5133
   60.8733
   64.9480
   60.9424
   68.6716
   70.2196
   60.6398
   75.6088
   61.8791
   61.5478
   64.1371
   64.8400
   60.1028
   64.5941
   64.1028
   69.2637
   65.6038
   65.7908
   60.5574
   66.9913
   65.8450
   64.4718
   61.7265
   69.7023
   60.6887
   72.4352
   63.8638
   77.4684
   61.4171
   61.7831
   67.6969
   61.9290
   62.9233
   60.8086
   62.9119
   60.5170
   64.3432
   65.1343
   63.5771
   66.8136
   60.3673
   63.8097
   66.8520
   64.2057
   61.7653
   64.5524
   68.5231
   60.7760
   62.6875
   64.9231
   67.5323
   67.5936
   63.2482
   64.1802
   61.4967
   73.2643
   60.8283
   61.9292
   69.9516
   60.7634
   68.0513
   62.4933
   63.0528
   69.0908
   85.8778
   61.2972
   61.3408
   64.3248
   74.3399
   62.6743
   68.7390
   61.5831
   63.1341
   66.8706
   60.4329
   61.3841
   60.5994
   73.3829
   68.4769
   61.5253
   61.8069
   61.2616
   63.4467
   64.2725
   62.4614